((("cons" .
   [1 0 0 0])
  ("load-path" .
   [0 0 0 0 1 1 0 0 0])
  ("setq" .
   [1 0 0 0])
  ("./configure" .
   [0 0 0 0 1 0 0 0 0 0 0])
  ("tsung-1.4.2.tar.gz" .
   [0 0 0 0 1 0 0 0 0 0 0 0 0 0 0 0 0 0])
  ("zxf" .
   [1 0 0])
  ("tar" .
   [1 0 0])
  ("source" .
   [0 0 0 1 0 0])
  ("/etc/profile" .
   [0 0 1 1 0 0 0 0 0 0 0 0])
  ("install" .
   [1 0 0 0 0 1 0])
  ("make" .
   [4 0 0 0])
  ("wget" .
   [1 0 0 0])
  ("echo" .
   [0 0 0 2])
  ("screen" .
   [0 0 0 1 0 0])
  ("emysql" .
   [0 0 1 0 0 0])
  ("export" .
   [0 0 0 0 0 1])
  ("ok" .
   [7 0])
  ("n" .
   [1])
  ("add_node" .
   [0 0 1 0 0 0 0 0])
  ("remove_node" .
   [0 0 0 0 0 0 1 0 0 0 0])
  ("list_node" .
   [0 0 0 0 1 0 0 0 0])
  ("auto_remove_bad_node" .
   [0 0 0 1 0 0 0 0 0 0 0 0 0 0 0 0 0 0 0 0])
  ("Num_of_list" .
   [0 0 0 0 0 0 0 0 1 0 0])
  ("16" .
   [2 0])
  ("Len_of_ip" .
   [0 0 0 1 0 0 0 0 0])
  ("9003" .
   [1 0 0 0])
  ("get_data" .
   [0 0 0 0 0 1 0 0])
  ("get_map_list" .
   [0 0 0 0 0 0 1 0 0 0 0 0])))
